image: occ-binary.png
resolution: 0.025
origin: [-3.518320083618164, -11.651300430297852, 0.0]
negate: 0.0
occupied_thresh: 0.2
free_thresh: 0.9
